image: /home/duc/ROS1/station1/map2.pgm
resolution: 0.050000
origin: [-15.969352, -17.750893, 0.000000]
negate: 0
occupied_thresh: 0.65
free_thresh: 0.196

